757
2982
5730
6901
5891
969
9363
477
2300
9215
689
3850
6226
5107
1140
2965
2334
2827
2511
2133
4275
6527
3268
5402
5162
8567
3711
9009
2041
2725
7457
8101
5041
7231
1078
4328
3757
1700
5103
450
7046
6450
2146
2999
6419
3079
3635
5019
5600
8416
8709
6196
9633
4726
7485
2372
144
2436
3709
7492
9550
9378
5394
1836
5018
2030
3656
8499
6981
2114
1805
1596
1671
9597
834
4678
1214
9457
3968
5001
4738
1117
6117
2053
73
8289
7929
2827
2997
1093
7067
6075
2312
7487
6916
8081
2898
8994
9607
3280
232
2706
9735
7328
5618
8045
351
8216
8908
8122
6661
1795
8027
2280
3170
3582
2748
7773
4079
5701
1053
1934
5786
1691
3619
3754
1774
8284
9585
3864
2558
4855
6671
8086
1227
8420
6004
2940
1421
9665
9243
7101
1004
1093
3757
8912
4507
8930
2267
1053
8305
5076
7908
1232
921
9200
7505
5256
6228
1413
2044
4756
2685
890
6202
1113
7237
1386
7623
8154
2103
4368
4811
7208
5728
7757
7676
9255
6753
5408
9397
8658
6491
5434
622
1567
7943
9675
7118
9141
5674
8481
1215
7464
8389
4901
7603
130
9597
8881
5872
8828
8961
9338
8951
6236
9527
5817
5299
731
8415
2855
3593
4158
9002
8271
4014
3990
6150
2161
9309
5497
1072
5792
2912
6002
2709
3181
9600
8017
4125
4307
4516
8315
5850
8038
3973
3671
4425
6861
6924
6892
3387
7040
7551
9288
4158
2053
3693
3325
5727
8653
6669
5808
2268
6446
949
5672
1438
9109
2926
8994
1604
1195
7427
2808
6155
2286
8613
5521
4584
190
1093
3114
5977
4158
1427
1073
8899
7047
3912
8028
9014
2533
6260
5101
9228
3288
8164
4849
3232
5460
9388
8821
2319
8466
7457
3131
5734
670
5203
1214
6809
6052
4094
3438
5830
5962
4183
2406
8892
304
2183
9867
5441
5524
4641
2330
7297
4988
5264
2235
503
5274
6810
5606
4749
5248
5288
4368
8969
114
6907
5814
9153
2477
2825
3224
3889
2783
418
1389
3359
4089
5952
9671
4850
8876
2154
6680
6389
3889
7776
2352
5063
4100
9082
2431
2768
3898
9133
5909
7987
4660
3015
9533
8154
512
3411
3326
4533
5436
4828
7817
691
9109
8624
3362
3270
686
8895
9052
1837
1349
5144
8121
2446
7400
5295
3610
6340
9445
5047
2004
3616
3824
3618
7038
8853
5517
8826
7842
2765
1780
552
7895
8817
9774
5963
3946
1511
1419
8806
4437
893
4794
4191
6197
5879
4017
2239
3034
8022
8867
1900
6628
2114
1879
3265
8855
5948
2899
5817
1559
9107
7692
1019
9221
8985
2664
6322
3693
7284
9357
1912
6565
8593
6098
5763
7776
7178
9887
1489
9672
8659
5954
3342
663
8842
1806
5576
9572
6264
4020
5533
2036
9558
8877
3556
9699
6867
6866
7551
9052
2184
7254
2501
5126
920
528
250
5132
3656
4156
2146
7695
1587
5627
4605
2346
1334
6061
9818
3607
3957
4889
2154
6423
3025
5587
6587
8420
8254
3293
697
7933
7287
4005
2002
1460
1146
1365
1395
9818
3648
8258
5196
4470
2066
133
6137
4670
6706
6131
5038
5468
2756
5583
1282
5669
7536
224
9462
8625
7225
5717
3194
1294
2327
3052
161
2647
2501
69
189
9604
485
3395
5948
3038
2803
8552
8737
2076
7278
3314
9703
5815
1222
7684
1299
8017
2473
1305
7926
8717
6027
9807
4430
8590
8747
6033
5814
6125
8352
6691
4990
7816
6136
9706
973
4726
5091
2467
1817
2616
3264
4537
485
5889
8991
304
955
3573
5893
9244
3780
7641
7165
7945
6383
187
9746
5183
786
6271
687
8999
393
6401
1637
841
1385
5881
9998
3128
8683
1543
2529
4063
903
6515
190
7911
3772
2598
7896
8770
4878
5415
6656
2982
3476
1513
2224
2892
1072
6274
923
5366
8087
5403
622
5695
5553
4464
5768
1961
1642
1089
9973
3404
2780
8425
2327
4335
9445
3820
1338
835
6676
2146
6969
7387
5586
1239
4295
1696
9363
435
5445
3018
8254
8613
3520
1700
7625
883
8006
5684
4144
2445
198
2968
7487
8458
1559
9919
3501
2482
7015
1104
7614
2768
5345
3277
4277
6607
7302
9225
5546
1138
6096
7747
8126
7577
557
8530
8311
8792
313
6453
2715
4702
4775
8164
1785
9620
478
7322
7493
4402
6734
7060
9544
4529
8509
5424
6847
8261
8953
8587
2805
7012
6521
2190
3305
866
3895
137
9615
6328
3083
3717
4028
5044
1294
5913
6100
6266
9221
2240
7631
7688
7858
766
3807
5014
6977
8080
7222
387
9630
4984
5196
3199
8802
6522
6279
669
2448
2012
8359
4771
4854
2909
6790
4411
5877
6070
2267
3600
7535
2731
8146
2780
9862
1866
1167
6753
403
631
8572
6776
5476
1004
9198
6458
7240
746
1190
464
2353
8908
5263
8490
874
6125
9605
8457
4678
492
812
5817
5342
9497
7924
95
3862
5228
5601
4427
5651
4054
6349
6873
5926
9298
8195
3614
7521
6472
3508
1572
8419
8994
7363
907
1323
7661
7094
8782
9420
5718
9357
2730
8925
5225
6605
3533
228
6768
5259
1046
3634
4257
4791
4552
2336
1665
7632
924
9963
4821
6854
5462
7709
5816
3153
7458
1687
988
4851
7536
7379
2676
9005
7565
7610
7271
157
4300
2190
280
4045
3111
8536
4498
3629
3323
7543
4789
2142
144
3105
4191
5803
6423
656
5517
6239
4382
0
9649
5584
5145
2323
7321
6756
9686
1960
8931
4085
9024
7728
6508
7666
6126
3497
947
3072
6935
9795
5686
1471
8468
2118
9605
2399
1547
8426
7249
3973
2394
5441
1005
2706
755
1709
5530
6431
505
2275
5202
2776
553
9883
6180
2477
2970
3890
3159
6068
6180
4153
8179
8367
7551
6126
4565
3577
6093
9364
7714
5238
2713
321
6006
2104
8488
712
1888
9158
7849
7665
15
1990
6235
8682
1597
3060
2381
424
146
7488
3890
2391
5832
7141
1020
3194
1849
9155
5316
5978
3483
7795
7271
7438
4913
545
8407
4353
2374
7926
9169
6865
3189
1387
4306
4865
191
3124
4789
6114
8241
9299
2024
4005
7825
4436
6006
4816
3963
1107
3503
9200
8543
7376
1385
9556
8739
6508
9751
5794
2557
2941
7144
1673
6626
3510
4498
1356
5459
6401
6911
6355
3761
5612
7434
2455
3475
4349
5028
4892
1691
7950
2720
4019
813
6886
8892
502
9385
5310
42
8977
3249
5134
4886
2919
4677
8139
1488
3135
4239
845
2007
2339
1627
7057
9178
42
3825
4549
2876
2091
4443
8952
1476
9253
2265
8211
273
4462
8402
2825
8481
2965
1592
5233
4807
4380
7054
5254
7551
357
3193
1607
3338
9783
1632
1101
5561
2198
4096
7335
2290
1442
9662
9768
5417
7637
1568
5358
5932
4261
2875
6382
8323
2954
678
9130
8999
9786
1576
4286
1603
5151
2495
3886
4937
9244
6858
3545
9743
3715
2857
5657
973
4223
3400
2636
4795
5812
33
6029
9733
8114
250
5098
5814
6388
2676
9433
1525
8183
1675
8044
9279
4874
9209
5227
9384
7691
5139
7040
7130
7857
1029
2692
7311
8554
2843
4178
226
8010
3900
7750
5713
3469
9693
3858
234
4420
2422
20
6887
4881
509
15
5840
9730
1749
4007
7718
9049
8447
703
3060
3103
4168
3980
8821
4567
2836
6584
3187
3130
2652
6904
7730
5764
9839
8386
4819
2286
2104
1423
7654
7923
8882
3037
3984
7001
392
9385
4104
1563
526
4634
8160
9299
4439
1891
4211
8297
2632
2563
9139
6847
6041
6507
4533
7773
8456
9145
824
7322
5220
3565
3559
7513
2959
2309
7011
2294
2611
9403
1052
2755
2598
8051
157
1579
9459
5910
5006
2959
1493
456
8786
1275
5963
5842
5850
5599
4737
4346
3984
7296
7001
2663
3780
1056
4042
6223
5739
7085
8143
5431
3694
9972
6700
7745
9447
5669
1707
1522
6603
3412
4984
8389
2352
4823
8667
6886
5955
1883
6593
621
9569
1117
3893
2070
691
1130
8291
2635
9367
3026
8333
6537
8266
9853
9790
6148
6903
9565
3607
7232
7674
1214
9188
3083
1881
3112
3204
7728
319
3365
8783
9771
6722
3501
4779
6504
6150
7258
535
3210
2628
1941
8898
7936
288
9278
1820
7667
605
3040
9599
6100
2422
9995
6997
9685
7799
3305
6635
5219
4528
6896
1788
3233
531
2052
880
7583
7667
8087
3978
2200
6987
3412
9535
4737
4378
7449
3671
7015
9364
6009
5650
6106
7492
3973
9823
4856
8209
4957
1074
7716
3265
7534
1098
5325
6548
9243
8815
3621
2676
95
6626
1665
2312
7060
6982
3651
8299
2467
874
4761
3338
8230
5246
4114
7664
7650
146
835
4904
6195
3193
3004
1334
6785
3971
8586
7551
998
4969
2075
7062
5652
2852
9783
6589
6328
8367
8270
4749
4460
3825
9319
5170
1643
7099
9217
3512
2103
821
7613
2995
3714
5817
1330
2468
570
9862
9879
5816
2118
3920
8424
4983
7425
3327
8261
7403
6971
3184
259
9252
3372
8724
4702
7737
741
7228
7355
7866
5013
7505
3813
5077
7034
8289
1053
6080
4121
5053
2730
8378
2399
3189
8602
5170
8491
6562
7409
9141
1730
8705
415
1141
224
9852
3394
3342
8727
9652
7662
641
7109
5194
9550
6006
883
1792
1113
9805
8164
4929
4908
8554
38
9638
124
8420
3803
6219
3111
3972
6146
5920
7231
2821
922
1950
9805
3817
5623
868
735
5708
6815
8783
9872
5310
7831
7664
2302
6143
1834
8040
779
2006
7603
6501
3624
5293
4574
6902
87
1360
4320
8037
1921
4188
9630
922
9178
7637
9846
8627
6442
9327
803
867
2518
2078
6953
5302
8178
3232
860
5327
6916
4475
1280
1205
8667
8728
1770
6079
6806
908
2349
3445
2418
9651
1332
3983
623
942
5360
218
2983
7188
3700
3270
8424
5248
9583
8361
5395
994
605
5767
9441
8401
4277
9940
1924
4360
8263
492
3914
1184
3722
7753
6378
4570
406
244
7834
3971
8084
1231
1347
9650
4330
8474
4618
7759
4345
7521
2690
1573
1780
6266
6501
6349
2007
5109
2987
1074
3700
1687
9657
3723
9241
9830
8639
9087
7102
2055
9003
4600
7669
2477
3807
5003
9498
6727
6388
2165
4727
2142
8674
1338
8888
5391
1793
2713
4879
2765
7852
1631
9631
8499
9277
8462
2698
6485
4734
1469
6228
502
2999
9592
3539
5346
5216
9864
3174
6815
4544
8970
1984
9052
8000
7001
2645
4848
1179
9633
7909
8307
3545
284
1291
6330
4510
3397
4532
1751
7293
6645
7889
2892
8387
2859
3792
1863
6317
5844
2886
5592
1204
8210
2686
1376
4904
9363
4794
9480
1049
1337
1984
1321
3825
6891
1870
8848
1639
5570
9973
3065
661
5041
7087
2476
5069
2674
6025
9318
6314
7820
9265
9246
7188
2480
6352
7598
4243
7316
2945
2617
3889
6871
6738
3672
9784
6978
7569
9911
3086
6520
9945
9721
1981
3559
1906
4560
247
5137
4723
5889
359
8590
6635
3722
641
8946
9277
9620
9109
6619
9641
7390
1397
2422
9803
3814
9767
6942
1405
1086
6002
531
6231
7441
199
3278
4187
6815
6153
9181
8070
2118
1114
2272
1357
5282
8116
7032
3863
4418
6185
2082
3114
7264
8103
8632
4980
7723
4330
7905
4285
8575
4689
6329
4896
8448
8737
7684
5372
2176
4102
2017
4145
7137
6115
5294
2406
7818
7495
4432
4953
3143
9839
6015
5705
2191
7049
2908
5416
5790
5655
8164
3703
8190
4141
434
7044
8972
6838
6656
672
8877
1334
2981
244
4373
8695
9006
1349
6533
2793
1700
897
7819
9321
8918
8651
8794
1423
4055
2393
1235
6276
2711
2765
2137
2982
7213
6235
6112
730
9353
7700
5256
5663
1463
5775
495
3040
4937
8734
6477
8418
6778
3335
2958
8684
5038
5702
3016
6278
9079
9908
6116
2605
5310
5553
4317
7760
9494
1419
6935
6280
3438
7182
8756
8502
4688
5643
4475
7669
4909
378
3802
2713
1412
3203
7990
8454
3156
6998
360
4640
9807
1238
7684
6131
2467
9742
3066
3915
2446
5767
8108
5417
224
789
4039
4648
4938
2533
3886
276
5162
3222
8507
5573
838
9790
5103
1083
7250
8874
8843
1480
8317
1213
6213
4844
3001
1404
8015
1452
169
3306
6514
7279
9314
2934
6226
9481
6949
6997
2196
500
9544
7669
3286
1048
9168
6075
9798
2065
8328
9071
222
8869
9154
8023
5720
3245
8688
2180
8314
2496
3267
9222
9917
6056
1114
6835
1101
810
1228
9615
9307
2351
457
6867
2210
2539
8932
5902
1253
6937
5571
8001
5858
3984
1093
3191
4302
4383
3758
6999
4450
3764
4130
5195
1045
265
7906
9752
7171
3673
7145
2184
32
5294
1751
9727
1883
8334
4473
2688
2371
4826
3973
1357
61
1101
7140
9900
2991
576
8917
1103
5272
8969
8752
4621
6085
2048
2118
2155
8451
4082
9027
4188
2720
9883
2540
3580
6593
789
832
6786
8607
5310
2805
1699
6921
3659
800
6037
187
3666
5891
2647
8781
8588
4960
3115
141
4186
4190
9073
29
6180
5954
2832
4131
8376
3700
1705
4634
1861
7909
5422
2908
9742
259
9209
184
5306
5476
8254
2070
7404
858
7855
3911
1165
3087
3976
2434
4373
7882
9253
8441
110
7125
1473
4245
7952
3689
3686
8860
8100
3940
8626
8481
3911
8597
2154
696
1465
675
5869
1691
7471
6500
3345
1332
6097
9357
6398
6138
2721
7482
8860
9024
2061
2884
4592
2025
3508
4737
3327
2648
3735
3365
4841
2886
832
8794
8143
5311
1559
1848
3174
6137
1211
444
1784
4463
8759
731
8230
5684
9763
3681
5202
3791
1398
3714
5417
4749
8770
8302
6340
7296
4168
8594
4967
6202
2556
7699
2711
4330
5018
7557
4753
1229
9883
5874
7638
2528
8630
9194
4380
-1
3934
9808
3576
7090
368
344
789
1554
7025
1652
4911
6504
7058
2629
1622
3087
8086
1720
4389
6963
120
6922
5248
6527
1049
1044
5146
7751
7804
9222
4590
4204
7104
7434
5152
21
3839
39
8910
865
5917
922
4582
3785
9389
1745
2463
5786
1701
6613
3614
7131
3555
6886
7748
3706
9459
3920
5137
5178
7178
2394
9459
8209
3353
1024
6041
1923
513
3243
5478
2584
1600
6707
2030
2707
5720
2115
6824
3325
7768
118
4154
130
7355
8350
3386
290
4058
9489
5736
9797
7808
6891
1514
1131
6398
3926
261
7284
6998
4469
8691
8970
9763
5971
5600
7827
1375
8614
1683
7495
3043
8528
314
1857
3421
1532
6544
8700
7163
6446
3475
3450
8972
6432
5462
9716
7664
2943
592
9804
8536
2303
5212
3512
9999
4352
670
6935
6598
9230
3782
8777
489
8332
9386
1048
2263
652
9998
1307
9027
7085
3156
3841
2217
2723
7810
6300
8633
9327
4103
6415
6739
8036
9164
9504
9290
8099
3654
9584
780
650
4405
5907
2674
4806
9659
7936
9945
8160
5120
5845
4279
5543
2296
1555
7043
9418
6556
6871
5096
6787
5975
1587
570
8808
1724
4507
3882
7511
3050
3574
228
6354
5394
1630
3825
3431
9751
5687
5469
1399
4188
1629
429
3976
5920
7831
3781
5620
3957
7017
9941
1736
9052
3332
7260
6412
9075
7010
4072
4200
7885
8081
7777
7180
2197
5739
5598
1809
3394
1848
9714
729
8112
9651
5710
3207
6271
8984
4241
4020
2238
2477
2724
1554
8834
2324
8466
7537
9308
5994
3412
6218
5882
4994
3437
1104
439
8910
3495
6455
9209
5634
9604
9115
1012
2533
3918
8765
7926
7831
5214
4033
834
8208
2355
2926
7335
4920
4916
4019
199
6068
4865
232
5539
8069
1435
7654
6545
4389
2898
2895
9500
4988
7173
3957
2943
9877
4860
6845
4005
2215
2118
1235
7577
5527
7988
2201
7094
191
7275
9070
9754
6183
4995
2345
7753
8971
6006
3270
3753
2711
2482
922
3132
8458
8755
4276
266
4980
6775
985
6281
7336
710
6291
3132
5027
5001
5947
1376
5060
563
8826
6195
5532
8886
2519
1303
4533
6823
2365
8090
8390
420
2629
8311
4956
5200
7067
5452
3571
831
958
1741
774
2302
7637
6268
2539
7434
9278
6450
1559
7952
1170
6515
2595
9411
2529
6473
5928
1811
8338
2955
6382
3512
7117
5481
8466
1648
4731
4693
7844
6194
8400
1427
5171
2875
4879
8336
920
758
9832
5363
8318
7580
4593
4460
3820
8621
3671
6085
7422
1064
7047
9018
9095
2614
674
7028
8969
1074
4426
4150
9872
9822
888
3205
2933
5288
8035
4808
7782
6178
8717
1137
5205
4811
3874
1094
5263
8406
4592
3100
4384
7129
8706
4298
8469
4301
5383
415
258
8462
4082
20
5076
1731
5918
8017
2537
6445
7249
695
9532
5261
6555
9457
655
5459
342
6838
518
152
6659
2652
1226
9589
2658
4578
313
2549
2437
6838
2876
6438
2857
1388
7080
4839
5539
1767
4638
2216
9798
963
5120
3900
1888
7047
7171
9312
9175
5293
6591
4984
7958
4057
3761
6459
7411
4291
9362
3976
7909
5533
4810
8548
4851
5462
7091
3352
8685
9341
1031
3963
7646
9651
4500
4030
6265
4068
6332
7437
7090
4844
4915
9812
2522
2897
8307
2584
877
3040
8822
7939
7512
2708
6960
1962
9082
8209
3278
4467
4722
377
8164
6052
1226
4155
1468
7826
8442
1099
5743
1527
9839
8254
4942
3408
8051
4222
9901
9168
3886
1701
174
3247
8567
7260
2556
261
5971
4378
5266
8424
8341
2539
2929
6806
6269
6155
3675
4436
5370
1520
5819
2917
8305
7728
712
3475
5752
1559
7242
1068
3403
2097
2919
3999
8261
3553
954
2104
3020
8100
5310
2475
732
5859
6594
9820
389
8996
3596
6131
8794
2293
1235
8014
3956
3676
9716
8356
2108
9562
339
1215
113
4158
8679
539
9653
1625
5478
6297
8917
8563
4211
8733
1736
6342
5875
867
9641
1743
6955
1616
25
8971
1978
7040
2648
4533
4537
6312
9178
1205
5128
9677
9360
2636
1535
3703
1801
1079
3900
7735
8411
432
5126
4121
6340
7055
7401
7878
6942
5558
5203
5952
2685
7712
4987
2896
6710
2012
1720
3583
854
9158
8192
2500
1641
9761
5539
836
4888
9503
638
5817
7373
1165
4265
8266
3134
2748
3400
3591
9000
8805
8578
3522
1555
5058
9207
3191
187
926
9107
5663
7819
6902
2050
153
9198
6556
2799
4045
5248
2621
2529
7714
5906
9511
933
795
3280
5073
4460
3389
1116
1881
659
7130
6918
167
817
4378
7677
7973
7674
7203
8426
4867
4153
8117
8740
1654
6813
1336
7085
6410
8554
6389
7287
5680
435
2228
3858
8254
4986
409
5271
222
7171
691
3435
6472
6423
6879
342
8621
4758
8859
2061
6838
1700
2242
2004
321
5029
5283
4015
9429
5481
1053
820
8456
1342
6047
440
1034
469
3935
6386
9973
8866
8593
235
6418
7871
3918
9406
814
6419
5415
2292
3870
5109
136
2378
5870
7437
839
6556
9827
2108
8562
2778
1295
4196
5222
8342
5679
2636
422
4707
7714
1445
9743
8989
6538
239
8316
8192
5100
7087
3836
1294
3031
862
9638
5994
5698
7643
6508
7654
3006
2961
6123
6068
5202
6453
2476
4618
3419
8071
4041
8551
2793
5203
9607
4279
8572
6913
7288
1337
3516
7278
3991
6917
3478
1341
2974
5971
920
8043
5063
2908
7915
8115
9870
2532
4797
6935
3216
6352
2709
2592
2687
2157
9277
7334
4612
6053
4510
7800
5600
3836
9257
2324
1056
289
7075
6041
274
2586
8929
6878
2804
386
8860
764
427
3566
3899
4411
2939
7554
9040
7205
2217
8737
145
9626
2609
7777
4326
8699
8293
818
8539
4467
331
3719
5910
4074
4877
3242
6645
789
2495
8343
6760
3267
7702
9645
9029
6710
5819
1136
5922
7402
6529
1783
3080
5684
8912
8707
3352
3302
7006
544
9049
6297
5944
7173
6303
2119
1062
1890
6006
422
7203
2323
421
6590
244
7174
4082
5848
8097
7868
6849
9148
305
2496
6138
2143
7950
134
3559
3244
3615
9752
1759
9491
2032
9752
3186
5820
7805
3442
789
8469
2908
6423
6851
2327
9716
1222
6009
8580
6112
4215
6569
2957
1807
2821
5684
5548
4402
4865
1309
2778
1833
1773
4537
5834
1598
2286
1991
6848
4563
3345
9864
7430
6435
1069
589
9249
6814
1833
8815
8019
4441
9263
5874
6455
5083
1591
536
6668
623
2372
7056
4330
6106
552
2133
191
7664
6653
1179
1007
4275
6494
3771
9529
2480
9867
996
1735
9355
7691
655
284
6861
8102
9956
3230
7131
1325
6892
4961
7384
9383
9648
2554
6897
645
9121
8248
205
7638
4890
6780
4959
5816
9673
1208
4529
3735
7596
5975
9794
8014
2436
3373
7061
7850
5874
5005
3550
2825
8815
1615
4473
9133
8715
189
1129
5395
4444
6668
4566
2828
6064
6034
858
1411
758
2926
4756
918
1419
547
8084
9158
9160
6381
5113
5962
1811
7339
8931
1405
8548
7335
7043
9040
2686
1299
5140
1529
4816
968
7242
8550
1400
1787
6451
2265
2978
7777
737
3938
7382
6389
5850
3686
6916
2857
5731
6949
7287
5697
3904
5532
1165
7945
6453
3680
6056
3040
5037
9295
3079
6831
2133
8132
6241
3475
3994
8939
1822
2101
2629
4409
3640
9428
4939
6100
7558
5665
1584
6089
5339
32
9652
7312
2507
8030
996
3489
9956
7186
9277
6159
7818
3898
6946
9607
3847
6886
6721
2640
9494
193
415
7894
4697
5820
585
1995
6556
6847
4042
89
1806
5144
2475
7903
2969
7844
6056
6871
5371
2153
6538
1599
7936
1644
5422
3220
3957
4482
7774
5280
9004
1960
6349
321
566
1474
9301
2760
1736
980
5058
8262
7764
4100
1635
1458
2123
8068
1116
3714
8001
2080
3065
9423
8627
2656
4850
7249
5679
1324
4157
7042
9026
1251
2748
7686
153
8846
1582
3678
8835
2068
7217
9956
2610
6674
2742
9596
4378
4810
7742
6671
6697
6312
1631
4470
1336
4205
3377
315
8114
8707
6902
7088
5233
447
3940
5009
6293
2701
2542
42
3072
9026
1712
3368
5242
7682
3946
1577
4363
79
893
6301
7188
7953
2011
1066
4510
4908
7493
6906
6332
3244
1158
7334
6807
2661
9325
5563
3575
7939
946
4354
9441
1758
9327
1724
3403
3306
1548
9584
4125
2970
546
8614
2523
670
7054
2312
6924
2711
5466
5662
1960
4315
7966
79
5880
6583
9246
9808
8509
9896
4565
5049
7561
1665
2540
1835
8874
9160
6928
9990
8292
5310
6588
3338
6669
8713
9370
1074
7085
5347
2633
7754
3501
3248
4475
9447
1922
9073
8038
5152
8586
2984
9508
2827
6567
6316
5459
2648
239
6953
1863
3956
249
5808
1670
7130
5048
495
6894
6366
9610
3678
2492
6831
2587
3372
999
2525
4282
7016
6590
2076
3656
9522
4373
1416
268
4604
2041
7616
8401
3600
3616
7936
1278
6328
2658
3373
6063
9398
4885
3984
6565
214
6496
1603
2706
6500
3242
8031
4999
2353
8609
8640
3100
9628
6720
2587
1305
8464
20
4265
4420
8632
8034
7819
4297
4645
1006
1750
7376
2965
4360
3088
215
8341
3364
2741
8696
2568
8399
8418
914
7704
2157
2053
8275
450
3765
356
6378
1811
4951
2063
5819
9894
7725
2233
9881
5288
1582
6168
2796
3555
5985
4983
1665
4201
4656
3472
8518
5647
9263
8024
1543
2002
3386
2972
730
3712
3077
1503
9146
7252
5463
1710
8014
9279
5154
8875
8030
7249
5421
2024
9678
8617
2482
4349
8922
5643
5884
1241
755
6608
4282
8783
5934
814
2431
8677
1934
5669
8728
5114
8542
5103
6389
3003
5290
3220
2187
1411
6304
3103
2849
8893
4441
6269
6192
4797
5757
2855
8532
9881
5344
1848
9584
6290
2876
3554
8418
737
3645
8893
875
2649
9077
5679
8591
2711
9804
1447
9322
3597
5014
5693
8286
7526
9321
1203
5233
4510
4649
1465
2218
303
4910
1153
7722
8037
8974
4059
9346
6489
6605
8091
9176
7185
3114
3420
3316
6521
8164
6664
9559
6703
4297
5728
9012
6612
5438
9564
4272
7978
1819
2261
1397
336
4277
5459
7708
5395
6203
2920
4036
1623
8420
7597
4063
1576
3066
923
5842
5409
294
1062
8504
6831
6891
7717
8810
3561
9610
927
7819
3573
1107
478
5113
3914
9973
8420
1098
6884
434
5887
4669
7090
9417
7858
5556
5033
7618
2330
4448
8012
3037
2589
6553
7564
1842
6167
672
9146
2803
8920
9445
6622
7322
1745
2527
8458
2238
9582
5238
1471
9615
5459
1623
4073
6518
9284
237
4641
148
1958
1537
8962
5578
8286
1188
1441
7911
2273
7451
2511
9701
9148
4984
1823
2552
4533
713
2529
2439
5299
7510
6852
3921
9809
8030
9763
8977
4104
7969
4243
3963
7570
3273
3256
342
2210
6077
3299
8379
6473
7879
9261
4527
3600
3925
6523
6593
964
9387
8285
6591
3187
6203
7040
7240
2550
7566
1505
4713
2162
5859
6905
8699
1966
4330
6628
3780
4280
4862
3204
1332
4291
3028
7969
7812
7831
3868
2410
8637
7090
2146
7482
211
1103
7707
4877
9286
8569
1020
4604
242
4533
9151
1621
6500
5708
2545
5697
4731
6170
9338
7242
2953
4401
588
7699
2128
7235
2385
2007
530
4102
8056
8972
8344
9144
9097
6489
4958
476
6941
7624
1412
8808
159
8003
2405
5716
803
8978
3844
7792
8879
2813
1286
9803
2661
9607
1693
6163
261
8400
9584
2972
8808
1529
8807
3676
2911
4592
1625
9198
2964
4113
2474
1615
5061
6704
101
412
134
7728
1055
7411
3326
9859
4761
6599
6041
2529
5192
8515
6559
2511
9840
3520
4832
1015
1008
1029
5421
5223
2324
7149
9073
9580
8551
643
6993
615
7952
9953
1873
9196
1329
3914
8411
1190
9955
530
8453
2856
7130
6432
2327
2074
769
5850
9743
7998
9030
7692
3030
5484
8120
3696
631
7496
2762
6899
1336
1140
3043
2664
6057
3220
3962
1435
3332
1457
5936
4095
3654
3088
9938
8247
5961
2154
96
3946
823
328
7258
6084
8740
323
4186
3131
8199
7321
9724
4041
7411
1845
3780
4367
8879
9279
6605
7282
4292
9549
5609
6261
1317
3182
4743
2780
343
7344
6038
1848
3787
2070
7774
7063
7136
4496
9015
8230
2188
9857
8737
8968
5693
3471
6793
8285
6151
4380
647
1934
6057
6173
4402
1736
63
2803
6041
3832
5397
6918
9564
6851
9248
9729
9444
1301
5380
3584
5038
2096
3315
7850
810
8536
2104
588
4640
9024
3441
6864
653
8022
6734
2719
1914
8954
6865
8440
3817
2995
4805
2184
8303
9355
9437
3761
4641
9308
3194
8160
6727
5023
670
2497
8037
2058
6718
8572
4237
6591
8925
648
8543
4448
242
5765
6034
8482
9945
1123
7101
5760
6261
789
7426
7138
597
1523
315
1069
6041
2473
2016
5792
5096
4416
9476
4430
3315
9697
4917
9165
5676
4081
2293
3762
532
3066
9158
1359
2664
196
5214
6137
2431
8117
2763
6236
6937
5971
1138
1924
6669
5539
2697
1104
3814
5021
3265
38
6774
1488
8990
6593
2373
1091
3642
1427
8170
3462
2539
7043
4269
5013
280
4819
3385
1950
4154
4737
2293
6029
1877
9194
8028
9024
8881
236
444
8909
5995
4918
3630
9357
7898
5498
586
1139
7609
8524
6108
691
5303
6953
156
958
721
6150
2144
5475
9040
6140
8458
7511
2708
1107
1708
3280
9504
9095
1416
3119
8609
3583
4448
2872
964
5200
8037
1594
8405
9287
823
4641
5129
4235
766
3629
4318
9375
2671
137
6075
8154
5497
9603
498
5868
2338
496
8281
8824
7487
2491
6785
5975
3043
7839
4434
9299
1062
7763
5697
6108
6134
8192
1022
6058
8363
9722
2344
2470
7015
8286
7819
6434
96
1331
2940
1906
3462
1151
4618
1018
4457
2640
1138
4615
312
9026
9385
1341
6261
1329
7966
7287
8717
3208
809
7006
1860
2076
7609
1249
9729
1990
8939
3290
2811
2422
6969
6430
7873
8984
4937
5183
4174
4166
3507
597
5551
9246
1338
4650
6267
6856
1073
4984
4641
2105
8346
3520
7102
3868
2997
729
2007
6935
5184
7579
566
1134
8227
8195
1121
7712
1728
3659
4631
2342
3111
4691
4602
3040
6454
8581
1971
840
9894
4366
1292
3440
3697
4376
6015
8515
1917
7936
733
7822
6277
9677
5397
9816
4106
4372
3753
5166
1170
5112
1552
4369
5817
3552
9465
8697
6891
6801
1201
7870
2447
8400
7374
7150
5669
4129
9534
729
4269
9210
5318
9500
6798
143
1444
231
52
3386
2210
1894
4222
4214
2581
145
1577
5717
8450
1284
4300
2210
4560
8855
792
5786
3777
7951
8632
9337
8183
6518
947
2616
2004
9477
3801
712
9279
2029
4953
5462
2076
2287
2923
1693
2562
4026
9746
4783
4737
9743
9356
2300
6165
4702
1134
2344
2872
942
1044
3219
1888
8598
4370
4430
3325
6937
9027
2872
5708
7417
2754
3557
1745
5516
549
9839
2385
9351
6474
8277
5014
8858
2933
9318
8612
5322
9447
1795
4265
6618
5906
4717
8909
636
6831
9410
1129
5187
2922
8928
5182
2289
7814
4291
2751
8772
9121
4416
2983
4709
4041
3969
867
6154
6202
2113
7093
1917
9168
2251
5293
7885
9364
50
814
3173
3757
5904
1067
106
5713
8744
6236
6035
5194
5500
840
1050
3694
3831
4113
1892
4125
558
3685
964
5611
6346
7534
4687
9255
5734
9453
5926
1024
4935
8200
1442
4275
1941
1432
8100
5201
2984
1528
1213
7524
7005
4027
9027
1408
8610
2774
6275
5397
2376
2873
9405
1326
6177
2011
1870
8871
6756
6902
3338
7085
130
3615
6671
1646
6576
3427
1719
6319
4674
2111
387
8331
4003
4495
3606
2280
1264
4762
42
6337
4640
3086
3327
848
8121
1473
1843
7606
6548
4592
3720
4404
6876
4230
3328
4771
4335
5404
6884
4810
3489
2338
3972
4160
5064
5665
9830
9994
4553
1442
8040
7127
9188
2576
8913
1764
1069
7145
4877
7094
2190
1526
9564
6620
77
8448
9378
5768
1064
4615
6075
800
8086
9724
5801
6381
8533
8412
6434
2518
9382
9735
3711
6389
6681
4501
5137
8640
897
3026
5164
9376
232
4292
6254
2065
58
5192
7858
1539
9290
7374
8856
5229
5488
4640
7626
535
2591
8311
1283
9040
6999
598
9978
5533
7623
6171
5478
3740
8346
5293
2827
1151
382
4019
3277
191
2895
4978
2373
3103
4005
2232
9851
9254
5600
3038
3393
2200
1011
5061
8931
191
6273
5316
2422
5038
4092
5245
3245
396
8387
8223
9021
1011
8865
7190
5299
6061
485
9558
6519
485
917
622
5587
9728
1476
9416
7272
7395
5858
1170
5619
3175
8536
5606
6572
3671
8662
4081
2250
5910
4125
743
2501
8875
9556
6016
4075
2981
3248
2926
6938
916
3226
2145
4765
763
239
9304
2477
8100
2698
6645
8681
1413
7821
4352
5268
5716
4802
282
9556
8700
8625
1475
8546
7306
7394
2139
4428
153
2184
2083
2950
5433
3805
6271
5192
769
2482
9089
975
888
7817
1129
8722
2835
1703
7911
8778
4172
7657
9082
9549
5680
6820
4405
9500
4335
9163
2370
1431
9596
9149
6593
5633
2828
9651
4265
6767
7113
8964
9664
7297
8573
7015
9322
3857
4713
3638
3019
1488
4061
1259
3199
5038
1499
5032
7214
4851
6902
9290
8551
9696
2783
2286
4904
5971
9489
5817
8493
5589
1138
9077
2297
2537
1863
7015
47
4354
9031
5803
2228
7812
2326
5041
1713
9220
6096
9658
3621
5650
5008
6824
1322
3036
5129
7099
4312
8260
6983
6543
676
8717
2152
3935
1102
1773
9498
8700
7561
7913
3247
5881
6121
3953
6806
4314
5616
6515
9761
2318
6973
8539
9529
7520
4663
6077
5922
3372
861
229
8373
4284
8651
7757
3766
3605
4799
4930
6246
6653
7637
1967
2399
8544
2889
2390
302
3824
2477
5634
7433
5230
5459
8290
9139
8764
5650
4041
2586
9293
8105
8178
9571
3373
992
7654
3508
8990
8990
6823
7611
7306
1152
7974
3901
5259
3216
9780
992
6710
2674
1025
6734
2585
7341
5346
8524
2088
5137
2248
6664
5009
1475
7748
2891
53
4541
3325
8907
9564
7609
154
6507
8808
3217
6459
366
7434
1418
1434
3086
4352
9725
7223
8825
9649
141
3965
6106
9253
2785
5640
8089
4793
1464
3552
8089
886
2086
1197
6628
8456
7855
8285
5644
6125
4148
9025
8972
8821
826
7465
3394
4463
4464
8765
9098
4240
4402
1900
3568
113
5067
6620
9702
6892
3598
6306
5977
3040
6032
3253
3229
909
2495
4559
8164
2984
6409
7403
4147
3867
7161
5443
7839
8939
4343
3625
2812
1587
1062
497
9794
1943
1295
1763
8612
8356
375
7362
9113
6145
6648
4592
8893
1447
7579
7320
3714
5956
5120
6888
864
5705
45
8673
5252
7590
195
7404
7044
1024
384
9603
1093
2674
2876
1621
9866
130
6127
3640
6790
5129
864
3073
8572
2836
4041
1027
3931
2504
3096
6256
9487
8170
6526
4473
4468
99
7624
4042
5174
7069
7932
3948
9317
9871
1369
4077
6056
5074
2091
5643
1086
9253
3313
4510
4555
1167
3332
7242
9855
1530
7393
2681
5380
5298
760
3232
3244
4530
4401
2908
1062
3927
8152
6193
4221
5677
5545
7091
6906
9428
4345
5070
947
6079
8248
6195
8857
6904
2727
497
6867
3946
4464
9653
5384
1687
5033
6626
2730
7060
8174
8543
4770
6406
1801
5185
3065
9220
9354
6380
6485
4612
8755
6503
3338
6352
1190
4459
4894
2469
8688
2894
6314
552
9362
2074
9389
947
4415
7257
917
1677
3709
5962
7169
6019
6438
6991
7872
1175
5550
5774
9027
7649
4457
8801
6341
7789
5449
4779
2817
6440
3776
3191
7190
12
4324
2474
4249
5345
1726
1834
6470
9981
6953
5259
1805
5364
4164
2089
2933
5926
5861
8300
3652
1094
9277
2501
4068
1833
239
729
6446
3724
3576
2707
8957
4658
3323
7261
7918
7321
6946
758
9103
6996
6483
7605
2002
9177
1007
5324
6846
7654
9145
8930
3718
9144
1129
1316
1603
6149
1547
5694
4449
7040
8990
1247
8999
2180
3943
5509
146
5238
389
492
9531
9527
2407
9803
8454
3255
3596
2183
9774
823
3475
4330
1214
5764
9009
5683
5120
3886
8040
3438
5064
8038
6375
3691
6886
6010
7172
2429
4473
3130
893
1986
8737
3321
1943
1814
6388
5760
8044
5898
5462
8809
6223
7619
9113
3986
3081
146
2904
2341
3761
6488
1979
3597
1856
2828
4791
6907
5014
4147
9638
9204
6671
2004
4582
8908
4997
5107
1089
799
464
3278
5713
1768
9626
3786
5381
8875
7239
7658
371
3115
1766
9551
2591
2859
9336
5617
5676
1153
9963
6473
9559
6162
1677
9568
6014
6251
3131
8579
8400
6004
2347
711
7617
9675
2196
713
8271
4618
6431
6805
8513
8453
7491
5915
7209
8708
7464
1801
3222
5282
6802
2349
486
7184
3299
4389
5344
8113
9420
7452
3259
4307
4544
4353
8037
3958
237
2518
7839
4125
2052
2519
4702
5657
4937
2201
1782
7042
9718
6965
663
5841
9168
9601
3694
3109
9082
7358
7207
361
4116
3959
7968
4646
6802
9317
343
3159
1750
5264
958
6813
246
292
7699
3419
9207
3587
3704
343
1153
6347
8289
7945
6849
3212
8038
2577
1333
9564
6106
4514
1419
5380
7258
7057
6739
3320
3930
7010
6153
8621
3488
5213
6734
619
9517
9987
8355
7117
85
5813
8572
1215
3761
7723
1153
6059
1921
2689
7821
1245
5737
2495
9363
3171
5500
9357
3173
9513
1563
3719
2058
2877
3551
9325
5574
1499
8806
9547
2210
1448
2537
8228
1718
9990
1293
7060
4878
7794
6937
6924
4970
1369
211
7503
71
6598
3226
9752
4555
1634
6392
64
4000
9651
6555
9081
7200
8828
12
8000
3678
7224
2741
535
8099
5203
7211
8286
5752
6035
135
3397
2304
6754
7227
8879
714
349
1403
876
8298
823
8168
3207
9377
4778
7812
7022
8591
4152
462
4077
7448
6395
3797
843
5295
1110
564
6149
4148
7688
7131
7933
1807
951
4420
6924
8760
2573
1851
2573
8584
8499
8235
4409
8056
2803
4639
8346
4023
9401
6108
9163
2955
4866
4988
7998
5606
733
4244
421
9335
678
953
5544
1056
2137
2270
9569
8172
6827
9480
8019
3272
3407
535
4870
7812
1750
4742
1115
8001
8139
2300
3375
4643
8661
2581
1403
3627
9158
3449
2919
1075
9900
8451
8125
9792
7871
6442
1862
5170
4201
1979
8179
3712
287
7410
2586
2157
6937
1339
9852
4866
1427
5966
7905
244
5733
3386
2783
9916
2657
4246
2233
344
6543
6386
7902
5968
15
7545
4279
3489
2740
2361
5124
9686
2554
6416
7491
3312
2076
3549
8918
3860
7858
2323
7750
1466
1262
832
6891
4904
549
6915
391
8164
8317
6792
8917
926
9095
7542
5125
9890
5216
9804
8999
7945
1352
8976
409
7417
1877
9911
9774
8881
6831
9794
6645
2489
4201
1714
7308
6469
9907
7925
2066
1437
4315
2736
2813
1087
2363
6556
6437
1642
9790
944
8950
3951
3765
1979
5041
3832
3361
2972
7037
4678
7724
8343
2836
2995
1326
8341
5697
6045
7860
1002
1274
8887
5533
100
8260
8310
8180
108
4163
5527
5456
9042
6115
8731
485
6719
3807
7948
8264
2741
8707
7270
7669
2730
8457
9388
9001
1910
7367
6415
8857
5103
224
2093
7992
843
2477
4411
6719
3925
5274
5061
208
3006
164
8683
7674
9655
2475
9512
9877
6943
6085
730
9559
282
5032
6795
7342
248
5469
1046
1607
8390
8768
2507
299
7270
3037
8197
112
5797
2574
8789
6438
4008
5438
2207
5014
1511
6838
6853
4661
984
7632
235
5782
7287
2926
4587
9498
4935
2501
3213
9605
9612
653
6951
3048
7579
5307
5264
6167
2707
3177
8914
3105
5697
8199
2215
2435
4085
6180
2353
3431
1013
3803
8065
2941
9220
9527
7624
3566
1110
5346
9364
7842
7290
9628
5132
2752
3352
670
2781
1286
7782
5601
7921
2958
1252
5754
8133
9342
5421
7917
8387
6510
5682
8270
4131
503
246
8310
3358
4771
9599
2844
1822
1408
6849
714
6932
1183
4597
5293
8900
2584
3505
8526
9585
4766
1271
158
7207
5817
7055
58
9607
2334
8792
5407
5094
5093
9787
7512
7293
1943
1220
5500
290
4634
5656
5383
1305
7190
7406
38
807
9866
6423
574
3270
143
711
7536
4197
5233
5014
4541
8132
4687
145
4790
1153
6236
8921
7824
4465
5727
7188
3772
2737
5462
9198
6781
202
4154
9710
5794
7034
5342
4300
9434
5094
9322
575
2154
5398
7028
6608
1734
4838
2939
4081
9953
7015
8969
1072
5394
3134
7173
8808
9463
7060
1808
8268
9360
9615
8424
3359
1634
2780
7527
1129
6461
9801
3232
3993
783
9488
9527
4533
7527
6891
7472
3793
2896
2920
3691
3497
8152
1717
9403
7664
9615
4116
1724
9010
7766
9557
8882
5752
1573
5919
246
9672
4352
2497
5259
1262
7470
1970
8424
5734
7898
8193
4358
7898
6955
4941
5873
1707
2475
7213
2464
5517
7673
5845
631
7923
2225
3839
3993
5014
2347
4737
8258
6656
1082
2596
6924
8952
224
4176
3641
72
531
7233
8151
1615
713
1246
1941
1350
7099
6130
5096
5819
4641
2108
6261
6919
7280
3116
5662
1050
2097
7652
4916
382
5438
9664
2053
5225
5264
3621
277
155
1096
3678
3034
5490
589
4391
6891
5472
5536
6913
4227
8141
8487
3886
9368
1422
2284
1715
947
1022
7588
500
7101
8275
4942
5273
9180
1264
7217
5038
5717
5416
3777
3230
2621
6317
5852
4477
7330
4226
6921
7717
9357
8529
7812
7185
277
3276
7596
8525
9761
7178
7472
8104
9198
9769
5420
937
9163
5827
4480
9944
2819
7482
8101
4393
115
7772
6798
8934
6413
5831
1020
3803
1746
1151
4876
1899
5233
2892
9103
4032
2236
2447
9497
5606
640
7758
3183
1345
9231
8901
7015
8876
7942
9139
2636
3031
20
9839
2996
8875
3505
3136
1521
8945
9148
8700
7860
11
5669
4443
6793
6108
3955
7894
7921
2923
2145
7582
5623
3482
1167
4320
7146
8907
1853
6413
8214
4161
9867
416
4311
1958
9980
3175
5454
8259
7734
4716
9803
2318
107
7321
62
3354
5318
1190
8788
6999
9522
4368
4361
842
2530
3408
6700
3753
4033
7398
7417
9030
2139
8932
4732
9480
8227
909
1117
7180
569
6848
8361
2595
4552
1727
7122
3094
7242
3719
5222
548
4574
3125
4533
3645
3783
4612
6468
394
1597
8671
5067
9550
967
208
2496
2037
6868
9582
7828
2066
6411
4913
2492
5053
8166
1131
5129
9282
2706
3671
4496
7392
3676
833
7181
9560
9621
3696
1085
8705
2988
8972
3113
3315
1204
5285
6130
4896
4013
3115
5874
6622
7488
6238
7487
597
5876
6918
6677
7394
8777
5530
4131
7714
1958
8572
9028
151
9318
9926
1909
2066
2977
1492
1463
9113
384
9631
637
2374
4571
8594
1866
6527
4275
8913
4468
3327
3736
1559
3371
4185
4042
2876
3991
3304
6130
9757
1442
4687
6543
1782
3261
2275
6153
4832
8898
2327
8117
827
9207
5263
9243
6607
9558
5583
8019
7467
4275
1227
849
7941
7511
3199
4457
1034
1131
747
8447
3768
5584
96
4603
2398
5026
2231
7491
7642
7966
5516
2705
9197
8855
8614
7193
7764
1075
2251
2911
1690
7028
8659
5348
2848
9122
304
766
4979
7223
6928
8728
7669
4063
1064
3694
6805
9406
7103
235
9205
6302
9386
2984
2292
9222
5923
5540
5273
3241
8120
9364
6535
8281
5426
6370
173
1093
9100
7422
985
2706
4758
4930
8970
6878
6095
377
4463
4368
1523
6664
7067
8041
8812
1093
923
2645
5640
2113
7673
7808
8959
459
3934
3678
2507
971
6785
9822
547
9728
4431
2421
3513
4464
15
6300
3100
8228
8302
6998
9820
4402
2475
9998
3251
8685
4380
6502
6225
7929
6895
3805
2946
4157
6180
6174
9767
2896
8393
3825
6865
241
2681
8807
3964
5935
7234
8328
6180
5573
6050
9376
8959
7458
5488
9804
5409
8057
4619
6847
951
1799
8920
4068
509
8117
2150
9635
7871
387
7158
1277
8704
6533
5025
5092
2468
3539
2032
6669
1005
6087
2071
2628
1354
3207
1529
1842
3623
4563
5693
7040
3475
5462
1062
1902
9004
8903
1066
3822
8311
958
7258
6541
5276
5293
7526
6793
219
9140
8947
5228
2154
9596
4267
721
9416
1403
8019
5924
9607
7192
5100
9161
8353
3336
119
1724
7663
2754
1206
2882
9127
5126
6112
244
2300
6224
9077
3889
8211
4452
8938
3833
7045
4577
5076
7106
6183
5546
7945
799
8336
136
6308
7847
1701
8195
6000
6035
628
5822
5782
7391
7782
5678
6801
3475
6602
7804
9572
2456
4663
7240
2115
5481
5386
8552
1684
2712
4060
9995
4203
8980
7728
8252
971
444
8042
244
2513
1596
2072
3257
549
5327
2875
7323
1413
5308
2114
226
1215
4869
6470
3280
6249
9752
8881
4396
4139
9734
2051
4234
1792
8759
5502
6613
8859
7654
3263
3915
79
4303
1354
3834
9726
6989
3012
2196
9628
7430
9494
5874
4406
3707
566
323
814
3233
2419
7613
2188
5955
7237
8831
6294
9762
2817
8653
1593
535
6085
7135
2899
8736
9369
396
4952
9675
2047
280
4104
7433
8037
7882
4117
7834
9858
7146
7001
7164
143
7102
3326
4026
4464
2017
5641
9479
2080
5170
3659
6438
5790
6506
8262
7111
9615
6521
5371
7633
8922
7834
5713
8556
5668
1228
8892
19
5048
9095
5860
260
6075
2959
202
7258
2677
6472
1466
9965
7020
8001
6406
5928
2184
9685
2648
3563
179
421
6266
1442
4963
630
8916
2422
2588
344
4549
2445
8018
9273
2103
7844
1960
6034
6996
1625
165
7666
8664
1598
3199
5422
4008
7834
1707
3079
877
1246
535
5462
384
4663
304
2401
52
9842
9258
5298
6260
5192
9177
4649
445
5824
6886
5018
2780
2575
5154
8919
6986
9728
4474
2224
3803
3326
7988
4475
603
3122
5457
6215
7054
4633
5855
7996
8649
1362
4277
1034
4443
757
9938
4345
2528
9239
4960
3855
2960
9347
1469
3292
6752
1713
177
7569
1713
4169
5057
7834
3772
8944
431
5840
8368
7585
8456
9322
296
5930
5445
6115
256
1398
7618
2419
4434
6292
6847
7788
9225
1715
6045
8481
2924
1201
3691
6891
9892
8508
555
9761
7460
3028
3305
3397
1234
3543
4570
2562
8263
1190
8040
9052
7016
1086
2242
9526
7756
9585
3923
2035
7001
549
1400
8893
9584
3427
9080
72
9638
1888
7186
5255
5103
9353
4803
9523
6153
7043
5830
3351
6718
4304
3614
35
1609
5782
8494
995
5389
9435
8352
5676
257
7225
1411
3934
3104
6331
9267
6332
6605
8302
793
5271
3833
356
6793
564
8783
8282
2478
7680
2587
9551
4279
5590
7339
935
4805
8360
813
4378
3111
3159
7870
2293
3552
9266
5754
5312
1305
1129
3522
8405
7789
753
7425
6518
9457
3886
1078
4420
3843
440
2855
352
4848
4442
6814
4277
3277
2025
3408
2346
404
3399
3179
4493
7010
1684
5028
5176
5422
7623
5452
7936
8293
7029
3836
1773
7672
2960
5495
4851
3822
229
3522
5742
6121
4993
2490
867
402
268
1405
1921
2984
8183
2133
7775
1751
4434
2114
4592
5583
8164
6424
8367
7972
2341
9518
9072
5462
3546
789
8035
8556
2910
6317
8262
8142
3892
6159
3188
4554
3906
9620
4814
6611
4906
4405
3825
5288
6235
7261
7911
1874
5760
8656
8070
9769
6681
6222
2947
8266
8551
8670
5562
37
964
4582
5989
1284
7786
3858
6252
1946
8195
3116
6003
2519
7058
7179
1215
7703
709
8717
9005
5516
1780
3831
3072
2788
410
6461
8313
6918
820
1753
6057
8531
4396
1015
3750
7321
729
6313
6313
9495
324
4859
7269
8891
9463
4875
3007
6002
4802
7599
7084
1924
6435
3877
9763
3403
4959
1534
6537
3398
7487
5017
3395
8035
6871
150
5232
1990
94
736
4888
7907
9117
5466
8963
2233
4320
3715
980
627
4098
9716
6438
1642
422
4646
9655
618
4752
7020
6738
799
7470
80
9875
4239
5048
5987
5624
6521
7322
7938
5687
1062
9103
2714
469
5017
9436
9800
5533
1918
7404
321
9165
7796
8804
7287
9678
9207
1289
9402
3953
67
4705
1863
5650
7283
8856
9013
8623
3669
3916
1299
615
6261
1512
8572
7510
5177
2293
561
1349
6953
5421
5063
8951
5573
7858
2250
4226
7245
2311
3107
8140
4366
7978
3624
165
3645
5742
580
4622
7702
6626
668
4723
8971
9831
5718
2359
4389
2324
8140
8778
8425
485
2032
9113
779
690
2587
6518
2606
5248
6151
932
9885
9699
8494
5455
3243
5612
5175
1110
2386
7894
3681
5914
3690
8882
4260
9204
970
2087
8633
9808
6264
8162
8071
5921
8996
318
1177
1288
2939
7218
6940
8380
5775
3103
7223
4916
2209
6605
8653
9076
9716
242
4442
7949
4618
1089
9972
3803
3710
9867
8530
9501
6262
5600
6424
4593
5881
6502
737
4555
9831
4637
9082
6047
6838
206
712
4232
5510
1793
2109
471
702
6831
101
5321
6325
3899
5993
9652
5310
7038
3107
2073
5302
3585
9389
2848
3177
6330
4694
6425
5952
5333
7308
5408
6442
4365
7001
7948
3505
4169
7206
3289
9248
9665
5025
7020
7453
3297
7085
2666
2477
5178
264
7284
7291
9018
9945
2491
5329
4640
4015
1841
5529
1121
2666
1055
6514
1019
7528
7131
4666
3744
9319
7349
4516
3782
7822
4706
5020
2862
9804
15
5741
1034
9900
2563
3112
9930
5441
7439
3243
7119
9839
219
7573
194
8371
1186
5687
6847
901
9076
3230
3156
87
7808
5175
4173
1062
5243
5611
8311
6886
6528
930
9737
5865
8987
3312
8770
9890
1706
6057
7394
5964
644
9257
6501
2624
3220
5117
1784
277
827
2652
937
887
229
8990
4071
9992
1833
6660
9871
4015
4482
6580
6342
8277
89
9970
3242
6405
3233
7009
3050
2539
4249
6284
1227
5589
2648
2457
191
1113
1147
1203
9872
9563
2888
9598
4134
2291
4470
8643
7923
3315
32
5938
8022
4948
1493
3412
1395
5830
5228
4144
1713
4070
6235
5970
2995
1160
3412
8380
6935
8099
9603
9996
8503
8990
8345
2195
9678
7994
5093
1634
7480
3795
8285
9775
126
4398
7694
5551
5779
77
382
8386
6461
8036
2502
6041
5386
3948
6978
3643
1108
729
2475
9632
3771
41
2929
1845
7053
8515
6392
246
662
1488
133
7194
5176
1432
9082
1856
95
5509
4887
758
5817
9305
9319
4478
1587
1116
4582
5521
4889
4637
5517
8185
9647
1978
8231
9027
3269
9113
1102
5947
5672
5814
9428
2923
574
4183
2880
4687
9659
9527
8320
2194
336
8091
5195
6294
5025
9716
1249
8314
4504
6990
4507
2874
4816
3876
8063
5389
3974
5963
3081
9231
2091
1758
9527
9725
600
6471
9651
9626
405
5115
5307
5914
2270
9193
5283
6307
7708
6210
8629
3576
530
9957
1118
4565
5865
3696
8821
2126
3768
8211
7936
2351
8827
5003
9243
5101
4293
222
4242
425
4835
9655
4383
4464
1927
3955
4891
4081
1922
6514
3068
8285
3706
7047
1799
1746
9857
4368
8343
4791
990
4125
3226
1357
4125
1024
7101
6981
718
7643
1249
8794
7513
7315
1594
8140
5158
7332
6254
7539
3954
5865
3629
8350
1394
9311
839
3740
6851
6527
4017
6075
8932
7580
4031
4244
4975
1800
7039
2769
7440
9911
9387
3801
1233
4785
2245
6863
4521
5609
2375
9861
9140
5273
1404
5933
5764
8411
8932
9523
2154
8674
1086
2539
7822
1407
3761
5551
4103
6576
6629
4564
4484
1093
4039
3196
8417
6044
9858
4289
6037
8183
6313
2380
8497
5887
7188
4762
9916
6917
8817
333
7870
1172
7288
9626
549
1404
812
7879
3065
8279
4478
9100
8117
1230
9695
3944
9006
4121
7240
6442
1934
7866
9273
1963
4235
3160
5192
9883
9305
1174
4584
2482
8019
7953
11
926
3488
1538
6820
9775
399
5500
7240
5597
8916
5320
5850
6402
1572
7014
9074
1411
9103
1400
485
1967
6681
9842
8120
7496
5264
7251
6140
1349
8552
3352
9089
2722
8518
1866
6236
7977
928
3790
9477
2455
9891
5339
4244
8059
7942
8954
6235
3484
9977
9844
5113
8260
3512
7488
841
2134
1807
9028
9411
4525
3096
7393
404
463
4307
1685
4158
5389
939
845
7758
9362
2749
8939
8504
3634
2880
78
9752
2092
6413
3491
755
1048
91
9056
9184
9922
7288
4126
2286
2318
2741
9745
5364
1246
9951
4539
444
7742
7591
6075
4737
6921
9618
6700
4447
7106
8736
6747
9479
5200
2914
1056
7229
3315
1281
5309
7225
2851
1701
7101
2896
9420
7333
1700
6151
7232
8444
8466
712
3928
5484
6311
736
965
2312
1981
1981
1048
9763
4260
7745
6479
9988
4346
2462
1137
9003
5820
4765
6744
4473
9277
6044
7409
3393
6717
3565
3021
7926
8500
5422
405
5532
1140
1348
1128
9146
2958
7405
7491
2629
7430
6943
1579
6096
3498
2362
5822
1707
8386
323
849
9623
2223
6687
3170
9581
339
4275
6427
2960
3320
5497
530
5889
4411
2560
648
2522
9376
4581
4524
7579
6008
6831
5859
1951
9447
7706
4345
7691
2896
6409
3938
7926
715
8971
8668
4158
3611
6590
6593
6719
2060
6182
7641
8310
7297
3001
2515
4827
7411
6626
244
9725
3687
4707
600
3246
4419
9102
8004
7137
6125
3447
3233
2336
6073
6823
9445
4484
7874
2900
7621
5169
8536
3771
6842
3338
799
4482
4467
523
8260
5709
3088
6050
1787
4349
7733
7323
1570
9040
8201
8081
423
6626
1349
4336
4564
3072
3626
2539
8420
4592
8741
1921
6567
5137
9472
6770
3335
7983
8762
5790
1164
7171
2853
5642
349
8850
2859
5669
6883
1150
7643
6931
5276
5459
8390
3920
9665
9258
6489
2422
99
8467
3575
2711
9827
1332
5397
7150
7298
2574
2496
2864
3591
7748
9743
6316
8795
6197
1700
1053
8520
8357
2898
1638
5817
8824
9832
789
6200
8297
1794
456
9800
3560
309
1252
3489
6610
1020
4862
655
4291
6500
6474
4518
3747
7669
3342
2293
7706
2581
6760
5693
5819
486
6146
1330
7333
9429
9305
1074
6453
3326
8277
1904
9593
4544
1536
6548
6889
8147
3618
7434
953
2552
9564
2477
2336
7894
2549
1117
8539
6197
3334
2744
7091
947
6605
6726
8028
1918
8353
6261
5488
9630
6856
9095
2213
1538
4658
8575
9038
9438
1442
2405
1841
1020
6960
785
779
9308
3233
3447
5777
5723
439
4226
664
9174
8595
8453
866
2173
8185
2025
4663
2378
2708
3498
7416
6425
1087
915
9442
3443
7362
7027
974
2817
2351
180
858
7431
5174
9168
6584
6905
3777
1854
9883
1715
5551
803
5266
2591
4935
3698
9075
8685
2183
4352
9656
6734
3359
2016
950
8211
1059
3733
6694
4663
1053
3981
2455
7833
7667
7619
2297
9061
266
6415
6590
9583
5183
8595
7641
7280
3784
421
3889
7984
3050
4121
1286
7223
247
8844
5096
4767
7825
2780
8040
751
3325
5651
1308
4961
4795
2525
5108
4272
4618
6202
11
9222
1757
8507
2886
9631
7796
5119
743
9050
6256
2148
7448
8475
5479
8708
4201
8855
7311
8535
1990
598
7217
5324
7168
7897
3331
524
7867
3171
2172
2309
5889
4612
2420
9620
7118
8075
9080
5752
3191
6205
7362
1292
685
4872
3957
9010
2036
1817
8565
1062
6079
9343
9586
9312
6835
4533
8012
9437
21
3475
367
4848
9297
9444
841
8962
2540
3737
7854
3492
4915
41
1919
1118
7844
6697
294
7085
9389
1663
2591
9690
1216
2589
2394
5493
9914
769
1450
4996
2304
4294
6500
9839
2480
4004
6115
4528
4024
2133
799
7464
8286
9942
4796
1908
6087
6403
8334
2616
2790
1981
3086
199
2324
8294
8457
656
4572
1352
7874
2864
7917
1267
9052
4702
8557
290
3386
5025
5891
2940
6777
8383
7284
4482
4855
8490
4370
1658
4100
8850
4821
605
1089
5433
7765
8500
9077
9911
622
218
9658
3790
1592
9599
2897
8808
4915
7218
4166
4797
2595
6382
935
6402
5324
8918
1082
2265
7641
4257
3233
5783
4775
1961
9089
1354
5578
799
7882
6535
4740
6955
6409
7112
7311
9500
8806
2495
9632
6901
3322
8506
2245
2730
2779
7134
8572
4853
1271
5215
3480
2829
2807
7079
2972
6239
4945
3988
3112
5963
2686
2240
7225
6278
9837
9969
6793
344
4402
4516
1853
6237
8644
5329
7047
7723
2184
2955
9628
7650
8320
880
4516
747
8135
5495
4449
3643
3240
3706
9677
4753
2497
1948
6886
8866
4524
3694
4042
82
2477
4976
8415
8167
6484
8239
3016
3918
733
2046
600
3226
3626
574
9923
7021
5984
9139
6765
4402
7714
8308
7824
1887
5898
8706
5822
2029
6924
146
709
9914
9350
6726
9141
5497
8507
9574
141
1179
3605
2880
9721
85
7144
7298
8393
6275
5068
7698
723
9504
2549
5229
6530
9364
7261
9146
2120
9253
7858
3412
4981
4706
6223
9644
4482
518
2663
7076
6837
7016
2083
5166
8532
4434
7058
5351
2685
4372
6059
2269
9100
3316
501
3412
3953
4158
5547
3439
9472
3191
4749
2335
1941
6601
9672
7383
6309
4741
735
5988
1103
8329
1987
965
1872
4221
849
5008
5808
5962
4235
1959
8584
6461
655
4870
712
1743
5328
5809
7874
1514
2598
6843
4360
7419
7625
7819
9279
5436
4223
2908
8228
4632
9993
7768
1004
3111
1736
6235
5166
498
76
5095
346
959
3843
2434
462
6487
3628
8503
8225
3475
2488
8180
1320
2539
3229
2418
4261
1254
8669
6250
8691
3389
6819
2906
7933
3315
4890
2828
4702
8824
2341
5925
7276
2440
1011
9308
2121
6138
7524
7945
6494
9168
6867
8543
7644
6776
5259
234
3132
7495
2459
930
5454
9452
5089
3748
2810
8630
3316
5053
6520
8787
4726
4245
8211
4418
8140
3697
3565
1421
3103
6680
1820
6616
9118
2623
8225
7702
7709
9945
9804
9694
5327
8352
2640
2516
5231
9686
758
7061
9723
1790
9795
5433
6340
7040
2899
5561
7752
9873
2841
4514
4841
5875
8262
9386
2701
3821
9652
8688
76
2190
1155
4514
8512
1303
8931
1745
8833
6345
1310
2449
567
1874
6700
6401
5720
1400
1652
4376
5612
4987
3172
8859
2746
5757
2973
7785
1200
3475
7398
7965
7293
9138
4702
1741
6896
7575
5713
1776
3459
3868
8672
6466
1230
9133
6495
9305
8855
1729
3420
7585
4246
742
2596
4667
2118
8077
500
7666
298
980
3610
4578
8310
3676
3153
7392
8737
4769
425
3885
4849
8840
4720
3104
5243
6337
531
3402
3445
3031
9943
7321
7885
1656
7383
6907
8717
226
3207
2784
2197
8992
3707
871
9063
2595
8023
3264
1475
737
2528
3325
659
3413
181
4103
8613
3735
303
3508
8908
926
3768
8146
2413
3612
9677
769
6673
214
6591
8179
6297
7637
9770
8755
3746
5038
8457
1362
7844
9292
6317
7105
2451
2349
9157
8263
1998
7765
815
4872
6056
3488
7260
8415
5005
8687
5223
3512
1284
9944
721
9109
8787
9403
2872
8214
1337
3569
9953
2570
990
3086
8212
8400
493
1728
2501
6090
7376
667
4673
3780
916
6371
8846
2871
2551
9685
9583
6120
789
2489
4139
3544
9207
5745
9428
4442
3655
8019
8556
8954
2548
412
2005
2420
1362
2848
5619
6719
2734
9902
5589
5409
2120
8037
1311
9938
5328
9956
6393
3012
758
6653
7343
6236
8544
623
7525
9885
5231
4639
8053
4291
337
3951
7972
1866
148
6379
7728
5433
5708
697
3663
6231
737
526
6799
6442
8952
6911
958
2595
4914
8352
1666
5106
7105
7363
5655
1541
5315
9411
2588
3713
4010
3001
8334
9040
9671
547
4544
9894
4896
2154
4582
9328
7266
4955
1089
4560
4720
7011
2061
8532
2999
3144
8235
232
4796
2172
7890
4372
7966
6262
1115
5448
7637
3467
3073
7037
6630
201
8483
5663
3138
8986
3714
8916
5720
3675
9188
804
2068
1175
8122
9316
2825
4114
2080
5027
3229
3220
7302
1542
3190
1457
25
2472
3080
8189
1532
2185
2324
5283
2271
6205
2344
2722
6262
4475
4509
4103
3012
1389
7321
9851
3047
4169
4444
3159
5999
7536
8525
5176
8945
1093
7357
4888
8412
9747
6591
6442
9696
859
4844
7551
757
2347
7028
8448
690
6112
3088
9736
3575
8499
2433
6228
8550
8136
8783
8663
7766
8962
8656
1202
2825
3213
326
9884
528
4355
1940
1768
3782
426
9180
9547
9716
855
1475
6872
8987
814
8695
2286
9696
7075
6627
6442
5906
5113
6096
7714
5219
2821
4301
6935
4955
8961
4669
6009
8683
4312
6392
9582
3080
9090
8711
7112
9420
3808
8035
741
8786
6398
6938
9414
382
3963
7866
143
6710
9677
9898
5285
8539
8169
8147
6212
849
4914
2807
6991
5061
6137
8356
1362
2128
547
1428
4279
4483
150
3854
5532
8951
7020
8122
2640
9685
5518
9675
8069
7664
5417
1932
1918
707
6847
8254
7808
9052
3571
9967
2738
6056
9277
3351
8271
1848
7794
5748
5417
9656
2622
3165
4770
4464
4460
8674
3241
1429
7440
3816
7197
9527
5883
2722
336
6978
4349
3003
3675
9447
1378
8961
4249
2965
3926
2525
656
5303
4563
6491
5685
3986
74
4349
6278
2807
8759
3352
3697
1939
5008
758
1474
7575
318
4617
4659
5367
8552
9687
4028
2120
7689
7818
1059
5114
130
880
6556
8166
4104
2264
7847
8104
6442
6278
5039
6388
5062
3263
8444
839
5242
8854
9288
1432
4050
8539
1083
1506
949
623
5553
2386
7890
7010
6607
3093
603
7589
6349
5134
9705
7709
5115
6610
1098
5704
7465
9973
1373
8506
212
2892
5707
6062
6716
3066
4157
8542
7774
450
6734
3685
646
737
6172
7554
5038
5819
861
1073
9822
7391
5124
3067
5838
318
9775
4028
8323
8465
3350
5145
7503
4934
3823
6579
7864
964